"","Transaction ID","Date","value_date","narration","ref_no","mode","merchant_category","repeat_transaction_category","transaction amount  - Debit","transaction amount   - Credit","balance"
"1",1,"01/01/2018","","OPENING BALANCE",0,"0","0","--UNIQUE TRANSACTION-- ",0,20609.99,"20609.99"
"2",2,"01/01/2018","01/01/2018","IMPS/P2A/800120007381/8821851112/9 088/OK",0,"IMPS","Bank Transfers","--UNIQUE TRANSACTION-- ",0,11600,"32209.99"
"3",3,"01/01/2018","01/01/2018","PMC/P2A/800120595781/247100111001248PMCB0000247/D",0,"0","Bank Transfers","--UNIQUE TRANSACTION-- ",-11600,0,"20609.99"
"4",4,"02/01/2018","02/01/2018","NEFT-OOPSCODE INFOTECH PRIVATE LIMITED-INDB0110009",0,"NEFT","Bank Transfers","REPEATING TRANSACTION--  NEFT-OOPSCODE INFOTE   172000",0,172000,"192609.99"
"5",5,"02/01/2018","02/01/2018","ACH DEBIT:TP ACH BAJAJ FINANAC,71110941",0,"ACH","Bank- ACH","--UNIQUE TRANSACTION-- ",-24173,0,"53436.99"
"6",6,"02/01/2018","02/01/2018","ACH DEBIT:TP ACH BAJAJ FINANAC,71331999",0,"ACH","Bank- ACH","--UNIQUE TRANSACTION-- ",-17312,0,"36124.99"
"7",7,"02/01/2018","02/01/2018","ACH DEBIT:TP ACH BAJAJ FINANAC,71212322",0,"ACH","Bank- ACH","--UNIQUE TRANSACTION-- ",-17012,0,"134112.99"
"8",8,"02/01/2018","02/01/2018","ACH DEBIT:TP ACH BAJAJ FINANAC,71433894",0,"ACH","Bank- ACH","--UNIQUE TRANSACTION-- ",-12524,0,"121588.99"
"9",9,"02/01/2018","02/01/2018","ACH DR RTN CHGS DTD02 JANUARY18",0,"ACH","Bank- ACH","--UNIQUE TRANSACTION-- ",-115059,0,"6529.99"
"10",10,"03/01/2018","03/01/2018","NEFT-YUVRAJ MANMATH MATHPATI- HDFC0001001",0,"NEFT","Bank Transfers","--UNIQUE TRANSACTION-- ",0,1500,"8029.99"
"11",11,"04/01/2018","04/01/2018","NEFT-YUVRAJ MANMATH MATHPATI Sender Brn:HDFC0001001 UTR No:N003180445403730 SENDER Bank:HDFC BANK LTD Sender Ref No:HDFC0000001",0,"NEFT","Bank Transfers","--UNIQUE TRANSACTION-- ",0,20000,"28029.99"
"12",12,"04/01/2018","04/01/2018","CRTR*4701/000000177975/WC **99/04 -01-2018",0,"0","CHEQUE","--UNIQUE TRANSACTION-- ",0,10000,"38029.99"
"13",13,"04/01/2018","04/01/2018","IMPS/P2A/800420729033/9422079141/9 002/MOBUA322478",0,"IMPS","Bank Transfers","--UNIQUE TRANSACTION-- ",0,20000,"58029.99"
"14",14,"05/01/2018","05/01/2018","NEFT-AKUMAR Sender Brn:HDFC0000001 UTR No:N0051804411495290 SENDER Bank:HDFC BANK LTD Sender Ref No:HDFC0000001",0,"NEFT","Bank Transfers","--UNIQUE TRANSACTION-- ",0,8000,"66029.99"
"15",15,"05/01/2018","05/01/2018","ACH DEBIT:TP ACH CAPITAL FIRST,71074114",0,"ACH","Bank- ACH","--UNIQUE TRANSACTION-- ",-10193,0,"55836.99"
"16",16,"05/01/2018","05/01/2018","ACH DEBIT:SHRIRAM CITY UNION F,PMPRCCM1708290018",0,"ACH","Bank- ACH","--UNIQUE TRANSACTION-- ",-7300,0,"48536.99"
"17",17,"05/01/2018","05/01/2018","ACH DEBIT:HDFC BANK LIMITED,0001149597028",0,"ACH","Bank- ACH","--UNIQUE TRANSACTION-- ",-23101,0,"25435.99"
"18",18,"05/01/2018","05/01/2018","ACH DEBIT:TP ACH BAJAJ FINANAC,72904798",0,"ACH","Bank- ACH","--UNIQUE TRANSACTION-- ",-7874,0,"17561.99"
"19",19,"07/01/2018","07/01/2018","IMPS/P2A/800708991938/501002029188 73HDFC/",0,"IMPS","Bank Transfers","--UNIQUE TRANSACTION-- ",-12000,0,"5561.99"
"20",20,"08/01/2018","08/01/2018","IMPS/P2A/800720704194/90051797073 MAHB/ATUL",0,"IMPS","Bank Transfers","--UNIQUE TRANSACTION-- ",-2000,0,"3,561.99"
"21",21,"09/01/2018","09/01/2018","ACH DR RTN CHGS DTD09 JANUARY18",0,"ACH","Bank- ACH","--UNIQUE TRANSACTION-- ",-59,0,"3,502.99"
"22",22,"12/01/2018","12/01/2018","IMPS/P2A/801211314291/8821851002/9 240/OK",0,"IMPS","Bank Transfers","--UNIQUE TRANSACTION-- ",0,42300,"45,802.99"
"23",23,"12/01/2018","12/01/2018","PMC/P2A/801211822934/247100100002133PMCB0000247/G",0,"0","Bank Transfers","--UNIQUE TRANSACTION-- ",-42300,0,"3,502.99"
"24",24,"12/01/2018","12/01/2018","IMPS/P2A/801212823282/501002029188 73HDFC/",0,"IMPS","Bank Transfers","--UNIQUE TRANSACTION-- ",-3000,0,"502.99"
"25",25,"15/01/2018","15/01/2018","IMPS/P2A/801519009238/8821111002/9 088/OK",0,"IMPS","Bank Transfers","--UNIQUE TRANSACTION-- ",0,20000,"20502.99"
"26",26,"16/01/2018","16/01/2018","ACH DEBIT:HDFC BANK LIMITED,0000048995809",0,"ACH","Bank- ACH","--UNIQUE TRANSACTION-- ",-18995,0,"1507.99"
"27",27,"01/02/2018","01/02/2018","NEFT-OOPSCODE INFOTECH PRIVATE LIMITED-INDB0000009",0,"NEFT","Bank Transfers","REPEATING TRANSACTION--  NEFT-OOPSCODE INFOTE   172000",0,172000,"173507.99"
"28",28,"01/02/2018","01/02/2018","PMC/P2A/803112232513/247100100002133PMCB0000247/OK",0,"0","Bank Transfers","--UNIQUE TRANSACTION-- ",-10600,0,"162907.99"
"29",29,"01/02/2018","01/02/2018","IMPS/P2A/803115237402/501002029188 73HDFC/",0,"IMPS","Bank Transfers","--UNIQUE TRANSACTION-- ",-10000,0,"152907.99"
"30",30,"02/02/2018","02/02/2018","ACH DEBIT:TP ACH BAJAJ FINANAC,79518409",0,"ACH","Bank- ACH","--UNIQUE TRANSACTION-- ",-13800,0,"139107.99"
"31",31,"02/02/2018","02/02/2018","ACH DEBIT:TP ACH BAJAJ FINANAC,79922194",0,"ACH","Bank- ACH","--UNIQUE TRANSACTION-- ",-12524,0,"126583.99"
"32",32,"02/02/2018","02/02/2018","ACH DEBIT:TP ACH BAJAJ FINANAC,79928842",0,"ACH","Bank- ACH","--UNIQUE TRANSACTION-- ",-7874,0,"118709.99"
"33",33,"02/02/2018","02/02/2018","ACH DEBIT:TP ACH BAJAJ FINANAC,79928843",0,"ACH","Bank- ACH","--UNIQUE TRANSACTION-- ",-24173,0,"94536.99"
"34",34,"02/02/2018","02/02/2018","ACH DEBIT:TP ACH BAJAJ FINANAC,79945710",0,"ACH","Bank- ACH","--UNIQUE TRANSACTION-- ",-17012,0,"77524.99"
"35",35,"02/02/2018","02/02/2018","PMC/P2A/803319302092/247100100002133PMCB0000247/OK",0,"0","Bank Transfers","--UNIQUE TRANSACTION-- ",-15000,0,"62524.99"
"36",36,"02/02/2018","02/02/2018","IMPS/P2A/803319329198/8821851002/9 240/OK",0,"IMPS","Bank Transfers","--UNIQUE TRANSACTION-- ",0,15000,"77524.99"
"37",37,"05/02/2018","05/02/2018","ACH-DR-YUHPATI",0,"ACH","Bank- ACH","--UNIQUE TRANSACTION-- ",-10193,0,"67331.99"
"38",38,"05/02/2018","05/02/2018","ACH DEBIT:SHRIRAM CITY UNION F,PMPRCCM1708290018",0,"ACH","Bank- ACH","--UNIQUE TRANSACTION-- ",-7300,0,"60031.99"
"39",39,"06/02/2018","06/02/2018","IMPS/P2A/803714402552/915010057728 522UTIB/DHANJAY",0,"IMPS","Bank Transfers","--UNIQUE TRANSACTION-- ",-1,0,"60030.99"
"40",40,"06/02/2018","06/02/2018","IMPS/P2A/803714402809/915110057728 522UTIB/SHINDE",0,"IMPS","Bank Transfers","--UNIQUE TRANSACTION-- ",-5000,0,"55030.99"
"41",41,"06/02/2018","06/02/2018","IMPS/P2A/803715404314/501002029188 73HDFC/OK",0,"IMPS","Bank Transfers","--UNIQUE TRANSACTION-- ",-500,0,"54530.99"
"42",42,"06/02/2018","06/02/2018","IMPS/P2A/803718344383/8811851002/9 240/OK",0,"IMPS","Bank Transfers","--UNIQUE TRANSACTION-- ",0,8000,"62530.99"
"43",43,"07/02/2018","07/02/2018","ACH DEBIT:HDFC BANK LIMITED,0000049597028",0,"ACH","Bank- ACH","--UNIQUE TRANSACTION-- ",-23101,0,"39429.99"
"44",44,"08/02/2018","08/02/2018","ACH DEBIT:HDFC BANK LIMITED,0000048995809",0,"ACH","Bank- ACH","--UNIQUE TRANSACTION-- ",-18995,0,"20434.99"
"45",45,"09/02/2018","09/02/2018","IMPS/P2A/804018490498/501002029188 73HDFC/",0,"IMPS","Bank Transfers","--UNIQUE TRANSACTION-- ",-3000,0,"17434.99"
"46",46,"11/02/2018","11/02/2018","IMPS/P2A/804118513958/92057858839S BIN/SHIVAJI LON",0,"IMPS","Bank Transfers","--UNIQUE TRANSACTION-- ",-1,0,"17433.99"
"47",47,"11/02/2018","11/02/2018","IMPS/P2A/804118514023/92057858839S BIN/SHIVAJI",0,"IMPS","Bank Transfers","--UNIQUE TRANSACTION-- ",-6000,0,"11433.99"
"48",48,"11/02/2018","11/02/2018","IMPS/P2A/804211523985/92057858839S BIN/LONDE",0,"IMPS","Bank Transfers","--UNIQUE TRANSACTION-- ",-3000,0,"8433.99"
"49",49,"11/02/2018","11/02/2018","IMPS/P2A/804214527954/501002029188 73HDFC/OK",0,"IMPS","Bank Transfers","--UNIQUE TRANSACTION-- ",-2000,0,"6433.99"
"50",50,"15/02/2018","15/02/2018","IMPS/P2A/804907915824/501002029188 73HDFC/OK",0,"IMPS","Bank Transfers","--UNIQUE TRANSACTION-- ",-3000,0,"3433.99"
"51",51,"20/02/2018","20/02/2018","IMPS/P2A/805117747851/158821851002 INDB/",0,"IMPS","Bank Transfers","--UNIQUE TRANSACTION-- ",-1000,0,"2433.99"
"52",52,"20/02/2018","20/02/2018","IMPS/P2A/805118750098/158821851002 INDB/",0,"IMPS","Bank Transfers","--UNIQUE TRANSACTION-- ",-1000,0,"1433.99"
"53",53,"02/03/2018","02/03/2018","IMPS/P2A/809107000488/8891851002/9 088/OK",0,"IMPS","Bank Transfers","--UNIQUE TRANSACTION-- ",0,1e+05,"101433.99"
"54",54,"02/03/2018","02/03/2018","ACH DEBIT:TP ACH BAJAJ FINANAC,83285028",0,"ACH","Bank- ACH","--UNIQUE TRANSACTION-- ",-12524,0,"88909.99"
"55",55,"02/03/2018","02/03/2018","ACH DEBIT:TP ACH BAJAJ FINANAC,83285029",0,"ACH","Bank- ACH","--UNIQUE TRANSACTION-- ",-24173,0,"64736.99"
"56",56,"02/03/2018","02/03/2018","ACH DEBIT:TP ACH BAJAJ FINANAC,83301202",0,"ACH","Bank- ACH","--UNIQUE TRANSACTION-- ",-13800,0,"50936.99"
"57",57,"02/03/2018","02/03/2018","ACH DEBIT:TP ACH BAJAJ FINANAC,83308814",0,"ACH","Bank- ACH","--UNIQUE TRANSACTION-- ",-17012,0,"33924.99"
"58",58,"03/03/2018","03/03/2018","IMPS/P2A/809200000905/20225793504 MAHB/OK",0,"IMPS","Bank Transfers","--UNIQUE TRANSACTION-- ",-1,0,"33923.99"
"59",59,"05/03/2018","05/03/2018","NEFT-OOPSCODE INFOTECH PRIVATE LIMITED-INDB0000009",0,"NEFT","Bank Transfers","REPEATING TRANSACTION--  NEFT-OOPSCODE INFOTE   172000",0,172000,"205923.99"
"60",60,"05/03/2018","05/03/2018","ACH DEBIT:TP ACH CAPITAL FIRST,82149788",0,"ACH","Bank- ACH","--UNIQUE TRANSACTION-- ",-10193,0,"195730.99"
"61",61,"05/03/2018","05/03/2018","ACH DEBIT:SHRIRAM CITY UNION F,PMPRCCM1708290018",0,"ACH","Bank- ACH","--UNIQUE TRANSACTION-- ",-7300,0,"188430.99"
"62",62,"06/03/2018","06/03/2018","ACH DEBIT:HDFC BANK LIMITED,0000049597028",0,"ACH","Bank- ACH","--UNIQUE TRANSACTION-- ",-23101,0,"165329.99"
"63",63,"07/03/2018","07/03/2018","ACH DEBIT:HDFC BANK LIMITED,0000048995809",0,"ACH","Bank- ACH","--UNIQUE TRANSACTION-- ",-18995,0,"146334.99"
"64",64,"15/03/2018","15/03/2018","IMPS/P2A/807400313758/501002029188 73HDFC/OK",0,"IMPS","Bank Transfers","--UNIQUE TRANSACTION-- ",-90000,0,"56334.99"
"65",65,"17/03/2018","17/03/2018","PMC/P2A/807901398595/247100100002133PMCB0000247/OK",0,"0","Bank Transfers","--UNIQUE TRANSACTION-- ",-55000,0,"1334.99"
"66",66,"19/03/2018","18/03/2018","CRTR*4701/000000177378/WC **99/18 -03-2018",0,"0","CHEQUE","--UNIQUE TRANSACTION-- ",0,28500,"29834.99"
"67",67,"19/03/2018","18/03/2018","CRTR*4701/000000177382/WC **99/18 -03-2018",0,"0","CHEQUE","--UNIQUE TRANSACTION-- ",0,20000,"49834.99"
"68",68,"19/03/2018","19/03/2018","IMPS/P2A/807821434101/179510000183 22HDFC/OK",0,"IMPS","Bank Transfers","--UNIQUE TRANSACTION-- ",-11600,0,"38234.99"
"69",69,"20/03/2018","20/03/2018","IMPS/P2A/807913447542/912011093323 791UTIB/OK",0,"IMPS","Bank Transfers","--UNIQUE TRANSACTION-- ",-1,0,"38233.99"
"70",70,"20/03/2018","20/03/2018","IMPS/P2A/807913448044/912021193323 791UTIB/OK",0,"IMPS","Bank Transfers","--UNIQUE TRANSACTION-- ",-700,0,"37533.99"
"71",71,"26/03/2018","26/03/2018","IMPS/P2A/808419598290/31433838998S BIN/OK",0,"IMPS","Bank Transfers","--UNIQUE TRANSACTION-- ",-1,0,"37532.99"
"72",72,"26/03/2018","26/03/2018","IMPS/P2A/808419598557/31433838998S BIN/OK",0,"IMPS","Bank Transfers","--UNIQUE TRANSACTION-- ",-2200,0,"35332.99"
"73",73,"26/03/2018","26/03/2018","IMPS/P2A/808421571257/3912718943K KBK/OK",0,"IMPS","Bank Transfers","--UNIQUE TRANSACTION-- ",-1,0,"35331.99"
"74",74,"26/03/2018","26/03/2018","IMPS/P2A/808421571314/3912718943K KBK/",0,"IMPS","Bank Transfers","--UNIQUE TRANSACTION-- ",-1500,0,"33831.99"
"75",75,"31/03/2018","31/03/2018","IMPS/P2A/809013708759/337305000018 ICIC/OK",0,"IMPS","Bank Transfers","--UNIQUE TRANSACTION-- ",-1,0,"33830.99"
"76",76,"31/03/2018","31/03/2018","IMPS/P2A/809013708821/337305000018 ICIC/OK",0,"IMPS","Bank Transfers","--UNIQUE TRANSACTION-- ",-20000,0,"13830.99"
"77",77,"31/03/2018","31/03/2018","IMPS/P2A/809013708899/337305000018 ICIC/OK",0,"IMPS","Bank Transfers","--UNIQUE TRANSACTION-- ",-10000,0,"3830.99"
"78",78,"31/03/2018","31/03/2018","INTPD01OCT17TO30MAR18",0,"0","0","--UNIQUE TRANSACTION-- ",0,810,"4640.99"
"79",79,"31/03/2018","31/03/2018","IMPS/P2A/809200359355/8811851002/9 240/OK",0,"IMPS","Bank Transfers","--UNIQUE TRANSACTION-- ",0,34000,"38640.99"
"80",80,"03/04/2018","03/04/2018","IMPS/P2A/809213390578/8821851002/9 240/OK",0,"IMPS","Bank Transfers","--UNIQUE TRANSACTION-- ",0,20000,"58640.99"
"81",81,"03/04/2018","03/04/2018","IMPS/P2A/809213400979/0000000000/9 234/RMTE0005133",0,"IMPS","Bank Transfers","--UNIQUE TRANSACTION-- ",0,5000,"63640.99"
"82",82,"03/04/2018","03/04/2018","IMPS/P2A/809213400980/0000000000/9 234/RMTE0005133",0,"IMPS","Bank Transfers","--UNIQUE TRANSACTION-- ",0,5000,"68640.99"
"83",83,"03/04/2018","03/04/2018","IMPS/P2A/809213314789/8821851002/9 240/OK",0,"IMPS","Bank Transfers","--UNIQUE TRANSACTION-- ",0,20000,"88640.99"
"84",84,"03/04/2018","03/04/2018","ACH DEBIT:TP ACH BAJAJ FINANAC,88450928",0,"ACH","Bank- ACH","--UNIQUE TRANSACTION-- ",-12524,0,"76116.99"
"85",85,"03/04/2018","03/04/2018","IMPS/P2A/809309778779/3912718943K KBK/",0,"IMPS","Bank Transfers","--UNIQUE TRANSACTION-- ",-1,0,"76115.99"
"86",86,"03/04/2018","03/04/2018","IMPS/P2A/809309778857/3912718943K KBK/OK",0,"IMPS","Bank Transfers","--UNIQUE TRANSACTION-- ",-10000,0,"66115.99"
"87",87,"03/04/2018","03/04/2018","NEFT-Mrs. DEEPA KOLLE Sender Brn:MAHB0001083 UTR No:MAHBH18091145914 SENDER Bank:BANK OF MAHARASHTRA Sender Ref No:MAHB0001083",0,"NEFT","Bank Transfers","--UNIQUE TRANSACTION-- ",0,1,"66116.99"
"88",88,"03/04/2018","03/04/2018","ACH DEBIT:TP ACH BAJAJ FINANAC,88498872",0,"ACH","Bank- ACH","--UNIQUE TRANSACTION-- ",-13800,0,"52316.99"
"89",89,"03/04/2018","03/04/2018","ACH DEBIT:TP ACH BAJAJ FINANAC,88494199",0,"ACH","Bank- ACH","--UNIQUE TRANSACTION-- ",-17012,0,"35304.99"
"90",90,"03/04/2018","03/04/2018","ACH DEBIT:TP ACH BAJAJ FINANAC,88878955",0,"ACH","Bank- ACH","--UNIQUE TRANSACTION-- ",-5838,0,"29466.99"
"91",91,"03/04/2018","03/04/2018","ACH DEBIT:TP ACH BAJAJ FINANAC,88458377",0,"ACH","Bank- ACH","--UNIQUE TRANSACTION-- ",-24645,0,"4821.99"
"92",92,"04/04/2018","04/04/2018","IMPS/P2A/809422099209/9834231021/9 485/MB: OK",0,"IMPS","Bank Transfers","--UNIQUE TRANSACTION-- ",0,17500,"22321.99"
"93",93,"05/04/2018","05/04/2018","IMPS/P2A/809507980991/8822251002/9 234/",0,"IMPS","Bank Transfers","--UNIQUE TRANSACTION-- ",0,4500,"26821.99"
"94",94,"05/04/2018","05/04/2018","IMPS/P2A/809511887192/9110951149/9 791/COMMENTS",0,"IMPS","Bank Transfers","--UNIQUE TRANSACTION-- ",0,19400,"46221.99"
"95",95,"05/04/2018","05/04/2018","ACH DEBIT:SHRIRAM CITY UNION F,PMPRCCM1708290018",0,"ACH","Bank- ACH","--UNIQUE TRANSACTION-- ",-7300,0,"38921.99"
"96",96,"05/04/2018","05/04/2018","ACH DEBIT:TP ACH CAPITAL FIRST,89390852",0,"ACH","Bank- ACH","--UNIQUE TRANSACTION-- ",-10193,0,"28728.99"
"97",97,"05/04/2018","05/04/2018","ACH DEBIT:HDFC BANK LIMITED,0000049597028",0,"ACH","Bank- ACH","--UNIQUE TRANSACTION-- ",-23101,0,"5627.99"
"98",98,"05/04/2018","05/04/2018","IMPS/P2A/809511028139/8087892952/9 791/COMMENTS",0,"IMPS","Bank Transfers","--UNIQUE TRANSACTION-- ",0,24300,"29927.99"
"99",99,"06/04/2018","06/04/2018","IMPS/P2A/809913891537/501002029188 73HDFC/OK",0,"IMPS","Bank Transfers","--UNIQUE TRANSACTION-- ",-2000,0,"27927.99"
"100",100,"06/04/2018","06/04/2018","IMPS/P2A/809917898991/3912718943K KBK/OK",0,"IMPS","Bank Transfers","--UNIQUE TRANSACTION-- ",-1000,0,"26927.99"
"101",101,"07/04/2018","07/04/2018","ACH DEBIT:HDFC BANK LIMITED,0000048995809",0,"ACH","Bank- ACH","--UNIQUE TRANSACTION-- ",-18995,0,"7932.99"
"102",102,"07/04/2018","07/04/2018","IMPS/P2A/809719924399/501002029188 73HDFC/OK",0,"IMPS","Bank Transfers","--UNIQUE TRANSACTION-- ",-7000,0,"932.99"
"103",103,"08/04/2018","08/04/2018","IMPS/P2A/809814943459/091011100009 448ABHY/OK",0,"IMPS","Bank Transfers","--UNIQUE TRANSACTION-- ",-1,0,"931.99"
"104",104,"08/04/2018","08/04/2018","IMPS/P2A/809814943513/091011100009 448ABHY/OK",0,"IMPS","Bank Transfers","--UNIQUE TRANSACTION-- ",-500,0,"431.99"
"105",105,"09/04/2018","09/04/2018","IMPS/P2A/808817074379/9099092177/9 791/COMMENTS",0,"IMPS","Bank Transfers","--UNIQUE TRANSACTION-- ",0,25000,"25431.99"
"106",106,"10/04/2018","10/04/2018","IMPS/P2A/810001982915/3912718943K KBK/",0,"IMPS","Bank Transfers","--UNIQUE TRANSACTION-- ",-24000,0,"1431.99"
"107",107,"10/04/2018","10/04/2018","IMPS/P2A/810017332971/8821851002/9 240/OK",0,"IMPS","Bank Transfers","--UNIQUE TRANSACTION-- ",0,20000,"21431.99"
"108",108,"10/04/2018","10/04/2018","IMPS/P2A/810017002484/3912718943K KBK/OK",0,"IMPS","Bank Transfers","--UNIQUE TRANSACTION-- ",-20000,0,"1431.99"
"109",109,"12/04/2018","12/04/2018","CRTR*4701/000000177489/WC **99/12 -04-2018",0,"0","CHEQUE","--UNIQUE TRANSACTION-- ",0,17400,"18831.99"
"110",110,"12/04/2018","12/04/2018","CRTR*4701/000000177492/WC **99/12 -04-2018",0,"0","CHEQUE","--UNIQUE TRANSACTION-- ",0,3500,"22331.99"
"111",111,"13/04/2018","13/04/2018","NEFT-OOPSCODE INFOTECH PRIVATE LIMITED-INDB0000009",0,"NEFT","Bank Transfers","REPEATING TRANSACTION--  NEFT-OOPSCODE INFOTE   172000",0,172000,"194331.99"
"112",112,"13/04/2018","13/04/2018","CRTR*4701/000000177372/WC **99/13 -04-2018",0,"0","CHEQUE","--UNIQUE TRANSACTION-- ",0,20000,"214331.99"
"113",113,"14/04/2018","14/04/2018","IMPS/P2A/810413109092/501002029188 73HDFC/",0,"IMPS","Bank Transfers","--UNIQUE TRANSACTION-- ",-74000,0,"140331.99"
